0
-1
-2
-4
1
14
39
69
98
114
120
113
97
68
34
-6
-43
-80
-106
-123
-127
-122
-104
-77
-41
-3
36
71
99
114
120
113
97
68
34
-6
-43
-80
-106
-123
-127
-122
-104
-77
-41
-3
36
71
99
115
121
114
98
70
35
-5
-42
-79
-106
-123
-127
-122
-104
-77
-41
-3
36
71
99
115
121
114
98
69
34
-6
-43
-80
-106
-123
-127
-122
-104
-77
-41
-3
36
71
99
114
120
113
97
68
34
-5
-42
-78
-104
-121
-126
-122
-105
-79
-43
-5
35
69
98
113
119
112
97
68
34
-6
-43
-80
-106
-124
-128
-124
-106
-79
-42
-5
35
70
98
114
121
115
99
70
35
-4
-42
-78
-104
-121
-126
-122
-105
-78
-42
-4
36
71
99
114
120
113
97
69
35
-5
-42
-79
-106
-124
-128
-123
-105
-78
-41
-4
35
70
98
114
121
115
99
70
35
-5
-43
-79
-105
-122
-126
-121
-104
-77
-41
-3
36
70
98
113
119
113
98
70
36
-4
-42
-78
-105
-123
-127
-121
-103
-75
-44
-20
-7
-3
-4
-5
