0
0
0
0
-1
-3
-5
4
31
77
140
200
268
238
231
164
155
82
-2
-70
-146
-181
-238
-253
-269
-198
-144
-55
-10
71
166
189
232
211
241
206
164
78
-2
-79
-142
-201
-270
-240
-233
-166
-157
-84
0
68
144
179
236
251
268
196
142
53
9
-73
-168
-191
-234
-213
-243
-208
-166
-80
0
77
140
199
268
238
231
164
155
82
-2
-70
-146
-181
-238
-253
-269
-198
-144
-55
-10
71
166
189
232
211
241
206
164
78
-2
-79
-141
-201
-269
-239
-233
-166
-157
-85
-1
67
144
179
236
250
267
196
142
53
8
-73
-168
-191
-234
-214
-243
-209
-167
-81
0
77
140
199
268
238
231
164
155
82
-2
-69
-146
-181
-238
-252
-269
-198
-144
-55
-10
71
166
189
232
211
241
206
164
78
-2
-79
-142
-202
-270
-240
-233
-166
-157
-84
0
67
144
179
236
251
268
196
142
53
8
-73
-168
-191
-233
-213
-243
-208
-166
-80
1
77
140
199
267
237
231
164
155
83
-1
-69
-146
-181
-238
-253
-270
-196
-137
-55
-52
-52
-56
-52
-52
